24
76
63 100
87 28 20
98 6 3 81
15 17 77 75 52
35 44 36 7 57 19
39 81 2 85 33 95 2
29 60 88 66 2 77 39 42
97 40 70 54 25 37 45 32 84
68 27 59 32 52 89 11 57 96 47
36 91 93 40 44 19 79 41 78 55 78
58 12 28 54 6 15 79 98 67 12 12 90
95 55 29 74 22 11 26 63 16 96 72 46 38
97 59 91 53 55 58 22 32 3 87 91 58 9 70
89 89 3 55 41 93 73 55 65 58 27 62 11 13 60
51 61 40 56 28 91 11 58 53 70 15 50 67 24 47 4
14 27 51 10 95 88 84 90 60 55 29 36 82 56 96 11 96
74 90 39 19 37 4 69 57 10 25 86 59 98 65 37 57 16 66
70 29 53 37 1 90 14 20 93 23 35 31 6 100 72 13 21 61 34
87 94 51 54 16 73 100 54 74 10 28 86 81 72 10 22 45 67 25 56
8 77 82 9 23 6 53 26 58 90 74 54 36 51 99 6 15 99 58 61 28
42 96 52 98 30 72 77 63 94 65 16 48 78 83 27 24 46 60 19 61 77 53
72 95 65 54 35 30 39 94 70 90 53 31 9 36 69 92 56 15 67 52 41 50 67
54 19 36 43 6 75 19 25 17 25 3 64 59 44 42 24 88 55 46 74 40 85 55 40