99
26 
64 57 
74 99 72 
22 6 29 21 
49 58 97 94 95 
51 4 24 55 41 76 
81 28 79 78 89 73 28 
83 85 56 100 66 3 60 34 
100 81 35 36 98 37 43 52 72 
2 54 85 94 98 4 99 15 67 24 
55 83 97 90 98 44 58 23 16 8 51 
87 49 53 84 10 79 74 22 69 23 98 69 
63 92 37 67 6 68 42 65 39 30 81 95 42 
59 12 68 16 80 51 53 82 67 85 71 26 37 47 
6 25 98 90 27 57 61 91 81 73 77 2 83 46 38 
70 95 90 34 35 63 77 56 67 37 38 80 4 6 51 90 
9 46 33 65 71 59 4 9 94 58 61 59 10 12 21 86 3 
62 75 30 100 71 25 59 72 53 84 30 55 84 67 66 87 88 22 
24 38 35 1 31 2 19 99 20 23 84 64 20 4 13 6 70 89 59 
64 99 86 53 94 51 51 55 14 100 39 86 33 87 63 51 73 97 17 13 
11 11 25 97 68 55 98 47 18 7 81 47 97 37 96 27 84 80 2 81 52 
83 29 78 39 10 48 95 37 93 10 45 6 70 95 7 29 38 5 70 19 43 15 
86 29 91 10 51 81 81 94 39 22 51 48 52 30 11 29 43 62 25 42 53 91 92 
13 57 95 34 74 92 86 27 18 52 3 47 36 24 33 67 62 83 67 46 41 98 92 23 
10 62 75 32 72 93 3 3 34 57 90 22 36 36 56 81 15 98 5 3 91 38 15 1 99 
46 87 46 63 12 63 37 15 66 74 66 69 69 16 69 2 44 42 16 50 71 36 71 45 70 25 
99 43 31 80 13 89 51 43 47 89 29 97 58 92 52 63 42 18 95 28 5 60 20 93 68 5 32 
37 94 86 70 38 8 61 60 80 25 66 30 96 95 16 22 25 44 97 10 53 13 67 71 11 13 97 25 
3 85 48 36 11 58 52 7 35 62 99 99 5 37 2 17 65 2 11 69 93 20 8 8 45 8 1 89 91 
32 99 52 29 57 29 23 2 87 68 61 5 35 44 36 84 32 22 91 29 8 59 43 34 28 19 50 73 12 18 
91 78 96 62 20 44 11 24 61 23 30 21 79 78 65 75 93 85 98 16 86 39 63 56 86 56 97 2 60 36 93 
80 64 88 26 35 11 91 93 74 20 31 33 16 99 35 11 87 63 29 18 98 5 89 43 86 80 46 36 100 18 78 40 
51 1 98 33 48 56 69 21 75 77 20 19 14 14 47 77 45 7 71 10 31 43 18 20 76 20 29 24 35 26 58 56 97 
85 82 25 6 71 85 15 43 98 25 26 57 42 55 68 84 63 66 53 6 42 94 2 27 15 43 71 87 39 14 10 28 45 97 
64 12 53 49 29 38 36 20 30 26 99 72 20 90 72 30 11 17 50 18 21 77 97 58 6 82 48 13 67 27 76 58 7 88 95 
39 2 29 98 37 8 41 96 9 7 59 27 81 92 48 6 52 78 8 91 3 25 99 42 7 42 91 54 27 86 74 23 61 73 76 15 
23 54 23 20 24 26 96 48 4 15 100 2 82 65 35 67 72 60 90 92 85 8 51 57 46 67 4 55 53 88 30 2 70 85 42 55 28 
100 2 8 63 92 8 89 23 3 24 48 80 23 82 68 43 2 31 32 80 68 57 40 77 52 9 60 87 73 95 3 28 74 91 82 42 6 60 
66 53 79 82 74 68 44 30 74 15 85 7 31 88 8 35 74 43 77 38 10 12 31 35 99 50 47 32 92 60 28 12 35 21 85 84 41 50 31 
44 47 54 4 41 86 82 35 14 50 99 15 35 73 79 32 11 91 84 84 59 74 23 2 73 40 80 97 81 44 1 99 97 95 63 82 50 1 25 19 
89 56 63 37 56 90 70 19 24 7 13 66 72 64 24 40 35 22 51 7 37 44 13 74 87 85 64 71 93 66 86 20 80 79 59 94 94 26 25 24 68 
68 97 18 28 100 16 2 62 5 82 14 4 51 96 21 31 61 11 8 31 73 32 100 14 52 44 24 58 44 40 57 92 90 45 42 11 99 11 15 89 79 93 
43 80 93 53 28 76 81 16 9 16 33 72 15 50 21 92 22 91 23 89 42 18 10 68 14 16 25 23 69 53 22 69 13 21 97 5 39 99 39 79 79 85 31 
65 9 95 91 80 23 38 4 72 83 16 40 21 21 100 20 9 82 24 56 42 55 23 63 10 3 74 68 64 74 10 5 52 43 59 46 34 21 81 86 35 16 23 94 
60 36 63 66 75 8 41 79 15 95 35 53 22 55 2 13 66 52 12 44 2 56 9 18 32 26 17 100 46 51 93 76 53 71 58 99 8 42 51 94 17 1 47 63 67 
77 29 99 26 91 1 60 55 65 57 64 93 1 38 3 92 49 62 39 75 79 53 78 61 79 97 75 22 4 100 60 23 28 31 81 27 20 32 11 27 68 70 10 66 28 74 
18 77 27 16 86 75 6 4 14 3 35 47 68 70 4 55 48 98 80 79 58 60 21 71 96 53 71 32 83 29 3 6 80 25 21 12 39 58 87 33 77 55 37 66 81 73 76 
80 52 2 12 82 66 86 9 79 29 14 5 53 66 16 80 100 76 23 66 85 35 51 7 4 42 61 54 72 82 60 70 52 96 81 88 91 91 18 10 21 66 52 18 62 95 40 18 
42 18 60 13 3 37 30 77 29 33 64 44 2 69 19 62 1 50 4 7 58 32 73 94 88 33 88 98 35 60 63 68 53 36 52 99 40 30 85 17 63 79 29 97 2 79 85 15 27 
32 48 7 4 17 53 94 44 4 84 17 62 85 5 96 100 1 77 82 9 92 89 9 57 17 38 28 13 94 39 26 19 98 14 39 10 67 77 22 78 47 75 78 55 37 8 71 100 17 85 
68 98 48 32 62 1 8 5 41 32 89 39 99 30 31 71 18 100 5 35 66 84 26 66 51 9 42 53 67 74 84 35 28 67 62 55 40 18 32 14 70 4 56 77 99 14 45 22 48 40 15 
25 91 88 2 31 26 46 28 17 85 22 47 98 13 65 9 41 56 75 90 14 51 97 39 22 60 68 13 37 73 40 68 16 59 87 93 96 72 93 63 2 68 33 34 38 39 46 53 64 18 44 97 
51 31 21 96 32 8 40 22 6 88 98 37 41 68 62 75 40 35 23 71 11 26 44 79 2 100 97 32 85 67 25 43 97 47 75 31 92 58 36 58 85 59 98 34 14 24 5 70 53 68 83 2 6 
75 90 56 81 98 10 54 20 77 67 62 47 93 24 93 22 79 78 24 40 23 85 17 80 79 50 65 80 28 5 52 53 71 36 8 68 29 92 25 31 60 81 17 45 66 47 41 60 86 11 58 19 84 81 
2 92 5 69 40 48 40 26 46 53 3 91 95 39 93 92 81 79 62 96 43 72 17 83 8 18 58 88 84 21 22 47 78 57 39 27 49 87 5 44 32 33 86 86 32 7 8 69 15 73 53 78 30 98 32 
47 18 47 39 67 100 60 48 1 61 79 12 75 55 24 47 90 61 97 57 58 49 12 28 52 93 4 63 63 13 75 82 54 10 52 89 97 39 40 38 60 28 75 61 72 100 8 34 94 21 43 43 100 99 42 15 
91 12 29 43 18 53 4 98 29 26 10 97 51 43 82 93 55 95 39 64 72 11 55 9 33 33 48 68 22 43 17 92 16 47 24 91 50 89 55 37 40 68 82 75 6 83 43 67 7 3 85 45 22 92 99 50 94 
71 5 83 32 58 23 79 34 10 15 12 44 61 93 6 33 74 3 90 4 20 86 53 85 21 66 85 75 95 62 78 43 59 14 17 14 37 25 1 64 97 14 53 23 31 15 6 10 12 20 29 26 91 36 67 20 92 52 
58 52 1 11 51 73 51 85 93 75 30 69 49 28 81 80 24 93 21 82 47 85 96 7 79 96 84 90 74 57 48 21 99 36 61 53 53 11 98 96 17 13 5 63 37 35 61 59 9 15 75 100 54 14 49 9 66 96 38 
93 82 3 59 80 96 79 52 38 1 19 93 10 47 39 77 26 72 94 45 20 28 26 54 90 9 54 37 10 100 24 38 27 40 91 19 21 40 40 1 73 90 71 98 58 99 79 30 82 40 34 94 38 2 18 27 4 86 34 26 
14 63 5 16 44 35 79 3 11 82 28 57 85 60 58 6 74 56 3 33 62 81 62 9 35 27 22 21 8 99 13 17 23 39 57 50 7 17 22 86 47 100 12 82 74 77 81 78 71 31 16 1 60 17 84 23 43 69 54 84 23 
67 27 36 48 9 69 73 63 97 82 39 13 98 73 71 4 78 8 49 42 1 78 14 76 48 9 80 17 51 85 9 53 81 60 36 55 31 52 99 71 14 88 99 23 30 86 57 76 87 13 40 89 36 61 22 43 31 65 73 45 66 79 
59 94 84 64 60 44 97 96 88 24 53 69 85 5 12 48 91 30 75 80 90 63 91 24 50 99 63 62 12 62 87 15 25 58 7 53 72 97 21 73 76 44 4 99 44 2 14 92 98 61 81 18 63 10 4 42 30 28 70 20 58 13 74 
25 1 94 26 79 79 63 30 66 56 38 12 58 47 18 7 98 61 28 72 4 13 45 8 43 32 11 45 20 30 93 46 96 36 34 15 92 86 49 87 84 83 24 30 54 44 80 76 36 71 38 99 33 62 55 41 70 60 79 97 47 8 48 55 
60 98 93 74 84 24 90 84 82 42 88 57 96 82 6 29 88 99 59 53 38 65 58 84 19 83 56 68 81 62 50 22 81 85 97 59 75 72 6 86 40 43 65 92 17 81 16 78 41 18 42 55 88 24 42 99 21 32 84 28 88 92 93 19 13 
38 100 21 80 100 41 75 97 40 8 84 80 22 4 20 49 32 81 44 100 48 95 2 71 11 50 28 2 8 94 71 91 81 21 100 22 79 11 79 38 49 55 13 68 85 43 15 95 99 28 45 70 57 53 90 65 58 39 26 82 52 44 19 72 23 36 
18 25 87 97 78 15 35 79 58 8 21 10 69 69 91 18 98 3 51 86 10 65 66 29 93 19 77 2 43 70 75 62 12 27 47 87 21 26 49 68 73 69 83 56 26 68 53 75 88 98 96 84 18 91 50 62 94 70 12 8 78 22 15 86 60 79 17 
38 4 36 17 45 29 80 79 64 46 47 79 76 43 9 18 17 16 22 40 25 8 80 2 93 52 78 6 7 60 12 68 48 66 19 36 55 9 25 76 87 85 3 25 47 58 61 64 99 44 12 18 85 8 98 7 51 20 18 13 27 50 42 45 33 16 61 72 
6 13 87 29 2 14 45 19 55 67 31 53 31 34 87 32 15 4 30 5 68 34 78 97 31 4 49 73 3 86 68 63 49 50 86 37 10 91 73 72 44 20 55 68 60 47 63 36 39 57 55 38 57 16 41 62 24 23 75 21 10 71 46 62 45 59 45 6 52 
77 32 36 43 5 59 50 4 100 37 9 41 66 65 67 91 19 94 11 40 43 26 8 20 37 88 57 18 76 20 27 50 86 92 5 44 58 73 79 42 54 20 41 80 89 50 83 56 67 71 61 45 80 43 38 88 95 87 75 85 43 92 82 59 40 12 20 35 35 96 
69 19 100 94 74 15 82 59 20 6 44 4 64 38 80 25 58 78 28 14 88 68 68 5 96 86 68 46 8 34 8 2 74 32 28 86 97 69 48 34 32 66 58 97 49 65 65 4 53 19 7 78 39 44 22 54 56 73 83 90 30 62 43 20 24 32 97 16 96 70 85 
65 77 88 68 83 39 72 35 63 61 26 60 54 34 73 15 53 50 79 2 53 55 1 34 5 39 42 22 25 65 54 16 25 42 45 61 28 84 95 6 98 23 14 12 6 64 33 63 77 41 68 99 41 9 85 52 21 8 52 64 51 34 35 2 7 81 40 57 4 82 31 43 
13 28 13 79 41 60 1 84 71 97 92 96 60 75 96 50 6 36 69 81 4 47 31 61 92 23 42 71 84 39 37 32 31 76 25 62 9 67 66 45 39 18 72 98 58 96 38 40 96 61 38 61 83 95 96 3 7 96 41 36 98 3 95 83 52 91 77 55 85 86 96 24 18 
88 88 79 85 53 3 66 20 83 56 39 27 25 72 43 66 51 87 28 51 9 2 1 29 42 44 25 95 8 9 91 38 54 8 12 91 26 13 30 57 29 16 90 88 13 30 99 87 51 28 10 91 37 58 26 56 82 12 12 40 78 91 75 81 78 4 59 97 52 8 11 97 49 50 
13 63 84 80 54 51 30 79 67 58 72 61 16 64 61 38 51 18 2 75 28 33 86 17 20 66 12 33 88 22 40 6 58 96 98 81 6 34 84 12 91 20 45 83 18 17 52 60 70 17 42 58 50 38 64 93 46 89 92 76 19 7 15 100 36 60 81 44 52 47 13 6 67 25 17 
26 14 36 82 33 53 87 8 14 81 79 20 73 42 39 48 73 92 27 30 31 42 75 100 59 50 44 2 24 41 55 97 2 88 33 4 87 67 34 52 55 71 37 67 56 18 90 35 46 81 13 27 16 70 99 59 23 45 97 44 89 23 99 33 67 97 79 20 67 35 96 7 45 55 22 14 
76 24 42 52 58 12 12 15 47 40 96 36 67 34 26 89 34 40 57 90 96 14 92 10 3 5 16 73 26 92 59 46 91 36 81 26 46 58 76 66 89 94 15 53 33 25 96 15 42 70 60 68 25 78 66 31 14 91 33 4 87 67 1 90 72 60 95 58 31 59 56 31 27 7 50 96 46 
92 79 75 34 62 92 39 66 84 30 17 22 86 86 96 33 25 87 94 77 93 63 43 40 10 33 30 89 89 83 89 91 60 17 73 63 81 75 56 16 93 89 46 18 1 57 12 86 15 83 33 77 14 84 56 85 59 40 42 29 22 19 3 8 43 26 67 97 85 12 29 38 48 37 37 83 39 30 
90 67 39 29 84 61 33 20 92 14 68 24 90 79 72 54 26 70 19 17 31 69 81 55 57 95 93 50 27 33 56 76 10 23 8 35 79 63 8 76 51 37 68 80 45 41 65 72 48 91 15 68 4 31 50 100 92 88 47 17 75 39 47 87 56 42 66 39 50 34 36 74 78 24 95 56 33 4 15 
26 69 54 67 10 99 97 69 3 23 31 59 64 58 43 22 10 46 80 88 83 73 34 82 96 13 12 98 14 33 31 84 81 15 53 56 32 13 54 56 77 40 92 96 73 13 58 4 35 99 94 74 2 75 55 29 54 100 98 16 45 60 6 22 85 29 4 74 36 30 51 33 12 62 62 6 26 5 35 74 
99 78 93 26 55 92 62 19 72 20 24 99 44 58 55 41 37 44 6 36 54 82 5 17 24 54 15 1 65 83 88 40 45 66 21 17 42 33 64 91 85 29 42 51 51 2 37 71 40 11 63 10 64 27 92 45 41 13 39 19 17 83 41 39 44 43 90 94 43 28 2 54 56 11 3 90 100 13 77 64 36 
72 9 46 96 88 4 30 89 44 4 91 42 40 41 76 7 30 65 2 41 4 96 75 54 11 13 89 48 93 27 26 86 62 27 16 94 43 21 54 12 61 59 53 74 1 7 85 14 72 96 17 36 86 84 11 16 84 98 56 35 98 95 84 79 83 15 51 81 9 24 89 98 44 4 57 1 46 33 17 53 90 74 
96 2 25 78 22 69 52 50 67 60 29 12 74 35 46 88 96 52 24 75 44 84 45 100 6 64 29 13 65 10 46 99 65 99 81 77 27 49 71 30 82 50 58 42 85 54 32 15 24 45 16 84 6 57 56 98 39 87 38 27 4 69 11 39 29 13 8 22 90 29 10 96 39 6 88 65 71 18 94 71 58 26 92 
59 92 50 77 46 15 21 73 69 80 70 84 84 81 66 64 36 12 88 18 91 59 94 58 47 76 18 93 41 61 15 36 41 6 40 93 98 7 34 88 30 57 83 34 38 35 84 51 74 93 46 67 38 24 71 11 8 84 91 76 95 84 82 3 21 81 12 22 21 53 21 70 39 95 81 1 94 78 64 93 47 92 91 57 
62 47 7 47 35 45 88 16 40 99 77 5 12 52 82 35 40 89 4 76 76 21 55 68 90 41 8 4 46 20 23 25 60 88 50 30 69 66 11 64 64 9 24 96 79 52 5 73 5 97 19 86 33 26 82 65 46 23 60 16 76 91 40 96 98 15 96 24 34 51 16 9 53 18 46 8 59 61 27 91 27 83 18 70 41 
58 83 65 38 24 96 47 97 98 5 88 58 3 26 77 39 53 79 76 3 1 14 100 91 21 8 15 37 50 28 87 92 78 29 19 68 53 2 21 51 35 51 10 16 42 67 2 95 49 49 34 19 30 26 84 50 24 55 99 13 55 96 59 22 66 75 14 61 98 28 1 50 15 66 43 30 77 45 57 64 91 78 13 84 91 75 
51 35 54 88 63 75 40 30 43 89 82 44 8 67 49 100 29 1 44 68 100 14 27 60 7 34 92 82 76 4 87 96 33 67 38 88 6 49 16 2 15 36 63 81 44 65 59 36 32 21 21 7 20 40 92 24 78 19 4 62 6 15 52 32 24 15 90 37 66 33 34 31 81 74 87 9 4 83 55 93 19 36 5 36 92 63 19 
95 11 23 20 52 6 38 51 6 22 7 70 42 12 18 11 1 55 81 54 100 58 58 60 16 46 96 52 8 53 40 91 4 64 89 32 86 63 29 97 33 24 16 94 5 91 73 94 32 4 9 65 59 83 80 72 34 21 37 73 20 16 76 14 76 83 75 51 49 78 83 100 82 69 96 29 16 53 2 100 42 13 3 37 85 28 42 5 
42 4 71 48 35 7 63 68 79 8 20 45 89 20 85 33 58 92 7 78 33 19 69 64 90 7 16 8 69 47 99 96 74 53 50 45 17 18 72 40 34 13 72 75 4 85 80 73 71 56 75 52 87 46 86 42 47 13 33 66 44 89 93 72 83 52 2 1 77 21 91 17 17 33 13 50 39 37 90 34 76 72 4 1 48 91 93 25 2 
47 26 36 49 32 74 41 81 55 9 71 79 78 1 70 72 10 28 23 56 94 66 64 3 59 86 7 49 13 68 88 31 58 26 20 88 90 2 62 62 76 13 85 13 40 30 66 11 9 64 9 18 5 32 21 27 98 67 97 81 81 61 96 10 10 42 15 51 36 68 70 9 21 92 54 26 10 52 38 61 15 9 22 69 92 9 70 6 37 60 
91 9 60 89 82 91 74 35 4 86 23 66 94 26 89 49 50 69 58 19 61 95 96 36 54 60 4 20 3 79 98 55 75 95 57 95 83 72 91 63 76 1 64 22 3 8 32 60 98 34 41 92 70 65 6 15 50 15 59 13 39 88 19 21 13 64 64 15 50 86 10 19 44 84 95 75 33 78 31 75 72 44 99 17 59 1 72 14 74 91 83 
51 18 12 17 12 74 35 83 39 32 31 57 23 47 44 51 55 65 55 33 58 20 61 40 10 90 44 86 72 45 73 23 83 65 34 9 41 100 23 59 87 66 86 75 99 93 65 15 71 5 38 2 23 93 26 61 79 33 45 99 73 13 32 36 14 97 76 90 98 68 90 48 86 18 37 79 43 29 91 98 4 23 60 29 25 33 89 19 77 84 74 48 
19 64 1 71 51 41 74 66 100 50 61 69 37 98 56 38 1 29 44 16 49 21 29 18 54 2 54 60 69 44 97 58 14 60 14 38 41 80 80 83 74 60 31 50 11 96 5 15 83 63 67 31 97 79 39 88 53 2 62 22 78 25 31 30 35 41 93 82 13 56 75 5 16 73 42 7 61 74 18 34 30 8 16 57 78 58 30 75 35 32 68 52 79 
68 51 52 7 26 99 44 70 87 30 31 25 92 70 3 96 19 31 80 34 87 71 75 88 86 47 8 93 30 3 4 13 35 22 86 73 73 86 69 67 57 29 48 22 27 16 85 12 31 88 76 45 20 57 42 26 3 28 22 7 42 34 39 71 27 55 71 23 75 56 38 88 19 91 87 72 27 86 68 31 56 98 39 16 35 72 60 74 90 53 53 95 10 98 
49 16 59 77 42 35 81 67 51 40 75 9 49 26 4 94 81 47 46 77 14 92 42 71 45 39 46 7 79 60 68 38 67 54 94 98 85 86 46 17 80 88 31 83 75 90 28 74 97 51 56 44 8 32 68 98 70 71 66 49 74 13 49 27 20 43 49 46 70 71 69 64 45 3 17 50 65 19 67 26 77 24 66 2 27 49 5 97 37 56 100 83 86 19 46 
60 2 41 17 98 58 66 80 10 93 63 38 13 42 87 54 41 79 60 74 17 9 61 55 88 42 32 45 38 56 93 99 32 41 17 35 90 65 56 44 6 58 58 79 4 3 58 75 79 50 86 17 2 52 23 71 49 39 45 87 45 19 50 97 22 98 63 19 13 72 77 51 96 15 88 5 79 66 34 43 96 59 27 79 81 85 61 37 52 92 55 66 79 59 37 2 
58 61 76 15 72 19 12 76 45 6 28 9 97 18 30 47 17 94 30 85 53 79 60 82 78 27 67 59 46 65 88 71 42 89 35 87 37 10 81 83 61 43 57 1 10 53 45 55 35 37 96 3 82 65 100 36 84 66 8 29 21 50 66 16 28 24 62 42 43 28 49 59 52 88 47 76 30 55 1 64 95 13 72 24 60 53 22 52 4 38 48 11 6 64 19 24 41 
41 37 53 7 93 11 17 88 46 99 39 49 26 27 31 28 99 70 98 22 86 31 75 46 60 99 62 51 79 67 71 86 99 26 41 21 92 95 41 25 84 3 46 74 89 56 100 39 34 7 5 74 18 51 82 44 77 49 65 50 2 83 74 7 7 22 19 19 100 73 65 99 12 20 86 14 78 70 36 38 20 14 69 82 59 23 96 84 10 42 5 25 68 57 29 72 13 29 
7 6 52 64 92 94 91 62 52 63 85 32 84 86 43 36 15 70 90 98 9 49 49 17 66 2 24 60 23 10 26 17 62 70 87 20 90 99 82 23 71 65 48 6 93 56 65 66 65 38 56 100 45 45 23 15 68 16 56 88 66 15 98 64 40 24 12 46 42 75 34 100 42 79 13 60 37 65 62 79 49 91 64 60 8 24 50 9 61 23 51 53 25 96 67 67 56 57 21