20
10 14
6 12
7 17
17 18
0 7
12 16
1 16
5 16
3 6
5 10
8 3
7 6
2 6
13 14
12 13
7 13
1 18
3 10
15 17
1 11
2 4
2 16
3 5
16 3
2 18
1 18
2 15
7 18
1 6
11 1
12 14
15 4
10 11
9 1
6 10
9 18
12 6
7 18
6 19
1 2
1 5
11 18
11 15
13 19
0 1
1 0
1 17
18 17
18 3
3 19
15 5
18 19
15 2
9 3
11 17
5 17
19 13
15 17
1 0
6 0
16 10
10 1
0 19
3 6
8 11
10 18
15 14
0 4
8 6
15 16
1 10
12 19
6 14
1 3
16 3
8 16
9 0
14 11
17 16
7 10
18 4
6 16
0 14
0 8
8 12
10 4
3 8
3 11
18 6
3 16
4 17
5 12
0 5
7 12
6 8
0 16
18 16
12 14
5 1
13 16
14 7
6 4
7 3
3 14
19 4
16 18
18 19
0 10
10 18
4 16
9 14
17 19
7 11
17 13
0 3
13 8
7 13
5 13
9 11
18 7
4 3
8 3
15 7
16 13
18 4
3 7
19 11
15 12
10 9
8 7
10 6
1 10
1 13
11 19
9 16
15 11
3 13
4 18
2 3
15 1
14 8
11 16
6 11
17 7
8 12
6 17
8 1
6 7
12 18
19 8
6 7
18 10
19 5
4 10
5 15
11 0
1 16
13 7
9 12
2 9
16 11
10 15
12 5
5 15
18 2
4 6
0 11
5 2
15 12
7 0
0 18
16 17
19 16
5 18
4 8
18 14
6 19
4 6
17 4
1 4
14 16
10 7
12 1
12 4
18 5
14 1
19 11
1 8
2 12
4 12
14 4
16 15
1 17
12 17
6 2
3 18
6 9
9 5
19 15
19 1
14 9
5 6
11 10
6 12
19 6
1 19
8 19
16 2
9 4
5 0
12 1
2 14
13 9
13 3
19 0
6 2
7 0
12 9
14 12
17 4
10 16
16 13
11 1
10 12
16 10
16 5
19 16
13 7
5 11
17 5
18 10
13 4
19 13
15 10
0 9
16 12
10 2
0 12
13 12
6 1
11 3
11 13
3 9
12 18
13 10
13 19
13 4
7 14
17 5
13 10
3 17
4 3
13 0
1 3
17 13
7 12
2 17
2 3
14 3
11 5
12 0
5 14
8 0
7 9
4 15
13 5
17 2
18 0
16 6
7 1
5 14
5 7
10 8
0 15
6 11
15 14
12 10
4 2
17 6
4 18
14 13
15 6
14 7
12 0
19 10
14 2
2 12
3 9
7 16
0 5
2 15
0 3
14 15
10 8
3 2
4 15
16 4
12 6
10 9
3 4
3 1
18 11
10 12
18 12
19 6
9 2
10 6
7 5
13 15
10 19
17 8
16 8
14 19
8 14
3 19
4 10
2 11
8 10
6 18
8 18
17 0
18 13
9 19
17 3
3 7
12 10
9 17
5 9
2 9
10 13
13 6
6 3
2 13
17 19
8 16
1 15
14 6
2 16
15 11
2 17
19 4
11 7
4 8
3 10
5 8
2 11
0 17
0 13
12 15
14 0
0 17
8 4
10 3
8 4
4 17
8 15
9 11
16 4
5 8
15 18
7 8
9 13
0 13
2 10
9 4
7 19
11 14
3 1
15 5
3 11
16 7
19 8
12 3
5 1
17 15
2 5
19 2
15 9
14 15
8 14
11 2
4 7
14 10
0 4
2 6
7 9
0 10
10 1
4 0
18 14
13 17
1 4
19 7
3 5
15 9
2 4
2 7
14 19
19 14
16 14
10 4
1 19
13 5
15 13
13 12
12 16
3 15
13 11
17 14
17 12
9 10
5 0
7 6
19 17
11 17
0 2
14 0
16 1
9 6
7 16
14 4
14 13
3 12
2 8
6 13
9 14
6 5
14 18
4 12
0 2
2 1
11 9
11 8
11 16
14 5
6 13
4 1
17 9
5 9
10 5
4 16
6 5
8 9
15 19
2 14
17 6
19 14
0 18
2 7
3 4
10 7
7 10
4 14
11 3
19 12
5 6
19 15
12 8
16 1
8 18
5 4
19 7
14 11
14 17
10 11
9 19
5 2
7 2
3 12
5 10
3 14
19 5
10 16
2 0
3 0
12 4
0 12
13 2
19 9
1 15
19 0
8 19
5 13
7 3
6 8
7 2
13 17
15 0
1 6
15 2
12 5
4 19
6 16
1 13
2 5
8 9
10 17
4 13
16 9
3 0
9 8
16 17
13 1
1 7
13 11
1 14
8 6
4 5
3 15
9 16
17 14
5 7
18 9
9 8
7 15
12 2
7 11
13 8
9 12
9 7
17 10
14 6
9 7
4 11
5 18
18 2
17 11
9 18
15 3
5 17
0 1
5 16
7 4
10 0
18 7
9 6
8 10
17 0
12 11
7 8
1 14
7 15
11 12
1 5
5 12
3 8
6 10
14 10
7 4
0 14
18 16
8 2
10 3
4 14
14 5
15 3
8 5
6 15
1 11
11 6
6 0
17 15
10 0
18 12
14 1
13 15
0 15
1 12
15 10
17 12
18 3
3 17
13 1
4 1
11 8
18 5
14 12
8 5
9 10
15 4
13 2
19 10
14 9
2 8
9 1
0 16
17 8
11 0
12 13
10 14
18 11
16 7
0 8
16 19
11 12
17 2
5 3
14 8
15 18
17 16
6 1
8 13
16 19
19 2
14 16
8 17
4 5
7 19
17 10
17 1
15 7
11 7
16 0
11 15
1 9
15 19
16 11
4 19
12 7
3 2
14 2
2 0
7 5
18 15
15 6
19 17
12 11
2 1
13 6
19 3
8 0
16 2
16 8
15 8
4 9
19 3
13 14
10 15
11 9
9 15
18 8
2 13
10 19
19 1
10 13
8 7
1 7
15 1
5 3
17 7
6 17
9 2
18 6
10 17
12 19
12 15
9 3
4 13
12 7
5 19
16 0
17 1
17 9
16 5
3 18
5 4
6 3
18 1
6 4
12 3
7 14
0 6
19 9
6 18
11 4
19 18
2 19
16 15
18 8
16 6
13 0
0 19
15 0
18 1
10 2
1 9
11 18
6 9
4 2
1 12
16 14
2 18
8 13
8 11
3 16
14 17
13 16
17 11
11 10
5 11
16 12
11 14
11 2
12 2
12 8
19 18
12 17
9 17
18 15
14 18
9 0
9 5
7 17
0 9
4 0
6 14
3 13
19 12
1 8
4 11
8 17
2 10
4 7
11 4
11 13
10 5
17 18
14 3
17 3
0 6
16 9
8 15
15 13
15 8
0 7
9 15
0 11
8 2
12 9
13 9
15 16
18 9
6 15
9 13
13 18
13 3
11 5
1 2
16 18
11 6
2 19
7 1
13 18
18 0
5 19
8 1
11 19
4 9
18 17
18 13
