25
20 11
2 16
5 11
5 20
19 21
9 12
11 12
18 2
15 5
10 16
20 11
7 8
1 22
22 1
13 15
21 2
15 6
2 20
13 19
1 8
11 19
20 4
20 5
20 15
5 17
12 20
23 17
9 19
18 13
15 17
5 10
2 16
20 24
15 12
11 8
19 15
9 4
11 15
10 8
9 3
10 18
24 6
23 0
24 22
8 19
17 9
0 7
14 22
17 10
4 11
1 0
0 12
17 16
8 20
1 10
1 2
22 11
7 9
9 3
18 2
2 11
24 6
5 1
5 17
19 4
6 17
20 6
1 12
19 2
2 1
4 18
9 1
9 16
16 13
16 15
6 2
20 23
22 9
4 21
15 23
4 24
17 12
21 3
14 20
15 21
7 11
9 7
7 6
8 19
17 0
8 17
2 13
1 23
1 18
1 16
15 16
21 15
21 18
10 3
17 10
16 8
3 17
22 18
16 12
15 21
15 17
20 14
22 23
2 20
2 9
3 1
24 18
8 21
17 5
11 24
13 22
5 9
9 10
6 12
7 23
16 9
1 8
21 5
16 21
7 10
3 19
22 20
12 9
14 7
15 5
17 1
10 11
6 3
24 21
14 6
11 17
21 9
3 10
10 4
3 12
9 13
19 23
2 19
1 3
5 19
3 11
15 24
5 0
17 15
0 8
12 6
2 5
23 17
12 24
4 3
16 24
7 5
22 24
14 15
6 16
11 24
8 20
1 10
2 18
13 11
11 16
6 10
2 15
15 22
6 22
7 13
8 1
13 17
2 17
14 13
10 23
6 7
18 17
12 8
24 17
18 21
13 16
6 5
19 8
6 4
20 1
12 1
12 4
24 5
6 3
21 12
6 16
21 0
1 3
0 13
11 21
13 22
5 2
8 18
20 9
15 4
16 7
14 19
11 12
16 3
0 10
3 21
12 20
10 17
4 24
2 6
19 17
17 4
24 12
10 11
2 8
21 8
22 10
5 22
13 10
21 8
2 7
21 11
9 22
7 22
14 0
7 18
9 21
0 23
1 16
4 23
17 18
5 3
19 0
17 9
22 2
20 7
12 11
24 2
15 16
6 14
10 4
17 3
23 21
9 18
2 12
21 19
21 9
20 12
5 20
12 7
19 24
1 14
8 0
7 9
13 14
10 0
6 20
8 11
1 7
23 1
14 2
22 6
16 19
22 8
5 24
13 0
3 4
9 0
21 1
12 16
15 1
12 24
3 15
20 5
18 20
23 9
17 2
2 19
22 16
4 6
20 15
24 20
4 5
11 21
3 18
3 5
7 12
14 7
7 16
2 6
2 13
15 23
1 18
4 13
19 22
7 2
18 15
13 21
24 23
21 18
20 16
11 3
7 4
0 23
1 22
11 18
0 1
22 4
6 8
18 4
24 4
4 2
24 4
13 7
5 6
3 2
3 11
14 11
14 10
5 14
9 20
9 2
11 13
5 7
0 14
16 9
13 2
24 2
20 17
8 14
9 14
0 19
24 23
1 4
5 0
0 17
23 20
5 18
24 10
14 0
20 13
12 21
17 13
24 15
24 19
5 14
17 14
14 21
3 15
0 18
7 15
7 11
22 24
0 10
23 18
13 9
2 22
3 14
23 11
1 11
24 14
2 21
16 17
7 19
9 0
11 8
22 14
24 14
15 12
18 16
20 2
5 15
23 22
1 2
18 23
8 10
24 21
19 10
10 6
24 15
21 17
16 0
0 16
12 2
18 8
2 10
22 2
11 23
6 22
2 23
10 20
19 7
3 9
17 7
4 17
10 15
23 2
11 15
21 14
1 7
16 1
24 10
11 10
12 22
23 24
10 24
10 1
10 8
0 6
16 20
15 9
8 18
20 6
10 3
11 14
16 2
12 4
13 4
6 18
21 7
21 4
12 19
19 0
5 23
16 3
9 15
8 0
12 0
23 3
13 24
10 17
0 3
15 6
23 0
4 12
0 15
8 5
12 5
8 6
15 0
16 5
19 11
0 16
15 20
13 18
14 9
12 15
12 10
3 20
23 12
17 6
2 17
3 20
20 19
11 20
15 3
2 18
24 8
21 3
9 6
22 4
3 10
3 8
24 20
6 11
8 6
6 17
15 13
9 2
7 3
9 8
24 16
6 20
8 13
3 5
4 3
4 1
0 21
7 0
23 20
23 4
3 0
23 4
4 22
9 22
5 4
16 12
14 13
20 1
11 2
8 2
21 6
0 24
15 19
16 13
11 5
17 22
1 20
9 23
18 0
18 1
6 5
16 24
11 9
24 7
18 19
19 6
14 16
15 2
16 7
21 14
5 7
0 3
4 8
1 14
14 12
4 5
9 17
13 6
1 17
0 4
19 17
11 9
23 5
4 14
16 5
10 12
18 6
8 4
2 3
14 21
7 23
2 8
0 13
23 19
7 10
3 7
13 23
14 12
6 19
10 9
6 13
21 2
4 13
8 22
3 16
8 15
12 6
11 0
2 4
19 16
12 16
23 12
4 16
8 1
17 19
23 8
1 15
10 5
15 20
11 23
22 3
10 15
8 3
9 6
2 3
22 3
7 21
24 0
1 5
6 9
4 18
17 20
21 0
2 22
4 0
14 17
13 12
10 2
17 13
23 6
19 24
17 8
3 2
13 5
10 24
24 19
7 19
12 17
24 3
9 5
5 13
4 23
7 20
7 20
6 13
7 14
19 12
16 23
5 4
6 21
22 15
3 8
15 10
13 7
4 10
10 19
24 0
23 10
16 4
3 0
15 2
16 10
2 1
18 9
17 23
18 11
9 11
1 6
18 9
18 15
17 21
24 8
24 9
9 8
20 10
23 16
9 7
18 10
21 19
1 0
24 22
19 1
8 15
9 23
20 4
8 9
19 2
7 22
14 24
21 13
18 17
22 23
5 21
8 22
9 24
0 22
19 23
13 21
0 2
3 17
10 14
10 2
10 18
5 8
10 14
22 7
13 20
21 24
6 9
23 19
11 7
2 11
5 22
9 15
18 22
22 5
9 18
15 9
15 8
11 19
4 0
24 7
14 23
15 0
21 15
12 14
7 24
7 5
4 20
11 18
19 9
0 20
2 12
14 18
3 18
0 11
12 23
7 14
18 7
19 4
18 16
3 22
18 13
18 8
13 12
12 19
8 9
8 5
23 15
20 18
16 22
8 17
20 24
14 4
6 12
20 9
23 13
17 11
20 0
4 12
18 4
9 20
12 13
10 21
13 1
3 19
6 23
18 12
5 3
12 10
10 13
10 22
0 17
11 0
13 4
11 22
22 17
22 12
17 11
4 16
0 7
2 10
19 18
23 10
18 0
23 1
22 6
5 24
13 24
18 22
4 7
0 22
15 18
10 7
18 24
13 23
15 10
14 16
16 6
6 2
17 23
2 15
16 23
15 19
22 16
18 3
5 12
13 0
20 22
22 13
5 15
12 21
7 13
22 5
22 20
16 10
22 9
0 19
19 12
8 13
10 19
3 12
14 22
2 14
4 8
21 12
13 19
24 11
17 7
23 24
14 9
23 5
9 14
19 21
20 17
14 5
4 17
22 19
21 7
1 6
0 15
17 5
22 21
20 13
4 7
4 20
6 0
1 4
14 1
19 6
13 15
1 21
16 8
16 14
9 12
21 20
21 6
22 15
24 9
23 2
9 11
4 22
9 1
19 20
6 23
21 13
21 10
4 11
22 17
18 6
12 22
3 4
23 7
8 7
13 14
4 10
10 9
21 16
5 12
20 21
20 3
16 11
21 24
13 8
2 0
4 19
11 6
18 14
18 14
12 8
15 11
21 20
18 20
20 7
15 1
4 15
18 1
17 3
19 14
8 4
17 19
12 15
21 1
0 11
12 5
19 7
7 2
0 18
23 14
23 7
4 21
0 2
13 3
22 10
3 13
5 11
13 2
3 16
4 9
6 7
9 19
16 15
3 14
6 1
15 22
7 15
17 24
11 14
4 1
16 18
13 18
24 5
2 21
7 1
4 15
14 11
7 4
21 10
15 3
13 5
17 21
14 19
17 6
1 13
8 11
17 0
15 11
10 22
7 8
15 7
5 8
10 6
5 21
20 23
19 9
8 24
1 19
6 10
1 12
15 4
2 23
2 24
5 9
24 16
8 12
13 6
7 0
0 1
20 12
19 3
17 12
14 10
0 4
10 1
12 17
8 23
11 6
1 13
13 16
16 17
10 20
9 4
19 3
4 14
3 21
3 1
18 10
6 15
0 8
19 1
9 16
17 18
16 20
16 6
13 1
3 9
17 1
10 5
21 4
19 14
16 21
15 14
6 14
23 22
24 13
22 18
18 5
10 16
14 3
14 15
16 19
12 2
18 11
13 9
15 24
12 23
13 20
18 23
1 24
0 6
1 23
15 13
8 2
8 16
20 14
4 19
22 13
16 11
6 21
3 24
5 16
8 10
6 0
7 3
7 17
11 3
22 11
7 12
1 9
10 13
14 8
11 17
8 24
22 0
24 1
19 20
12 18
13 8
18 12
15 8
11 16
11 10
19 22
23 16
19 10
14 6
19 5
8 23
22 0
0 14
19 8
19 13
16 22
22 12
13 3
23 11
23 9
24 18
11 13
24 17
10 21
3 6
19 16
6 11
18 19
11 4
7 17
11 5
14 23
5 2
16 18
11 1
3 23
9 10
2 4
24 1
24 3
18 24
17 8
6 24
5 13
0 20
5 10
17 14
10 12
17 22
10 0
20 22
0 9
3 22
19 13
16 2
14 8
11 20
12 7
6 24
22 21
20 19
16 14
9 17
6 4
23 6
18 3
2 24
14 3
14 2
0 24
16 0
12 13
1 21
9 13
8 12
15 14
6 18
14 4
21 16
2 5
19 11
22 1
17 2
10 7
2 14
17 24
14 5
17 15
23 8
13 10
0 5
21 23
7 24
5 23
23 3
14 1
1 24
1 15
11 1
6 15
12 3
8 14
24 11
7 16
3 6
12 3
13 11
4 6
23 15
20 10
22 19
21 22
8 7
23 14
1 11
19 15
15 7
12 14
17 16
5 16
12 1
9 24
18 21
6 8
22 7
20 3
2 9
2 0
20 16
5 19
8 3
5 18
2 7
14 20
14 17
11 7
20 0
12 9
7 1
12 0
11 22
5 1
21 23
21 11
7 21
19 18
24 12
18 5
1 20
19 5
20 21
15 18
11 2
21 5
6 19
13 17
18 7
20 2
20 8
1 19
0 9
8 21
0 12
10 23
22 8
9 5
17 4
22 14
24 13
12 18
21 22
23 21
3 24
20 8
3 23
1 5
23 13
4 2
0 5
11 4
23 18
20 18
3 7
1 9
21 17
7 18
7 6
4 9
9 21
8 16
14 18
17 20
0 21
16 4
5 6
3 13
16 1
12 11
1 17
6 1
14 24
