20
2 6
16 6
1 12
11 18
2 18
7 5
3 8
2 17
13 6
16 15
17 19
17 14
6 2
6 11
17 8
4 0
4 5
3 15
11 19
18 5
15 11
4 12
1 15
16 17
18 11
9 10
18 5
14 16
19 9
12 16
3 13
12 3
18 12
7 12
18 10
5 14
6 4
3 17
19 16
15 8
16 12
19 11
6 14
12 6
12 15
4 16
19 15
12 2
12 10
7 3
1 13
16 3
12 11
10 2
5 3
16 2
6 15
12 19
11 10
0 13
16 18
18 19
11 12
6 13
5 10
0 15
3 2
13 1
14 3
11 5
17 7
18 2
10 17
0 11
0 11
19 15
18 9
7 18
6 13
18 15
15 13
10 19
9 18
14 17
13 14
3 14
4 10
13 16
6 9
5 1
19 10
3 12
18 3
15 9
7 1
0 5
14 19
17 13
2 11
0 12
18 17
16 8
13 18
0 19
9 14
2 10
10 12
1 14
19 2
1 2
17 12
11 12
0 2
12 14
9 16
12 18
1 15
13 15
4 10
10 8
1 5
1 9
3 11
0 9
13 14
6 11
14 18
19 17
8 12
8 18
15 3
17 11
15 5
0 17
8 12
13 9
4 15
7 8
4 7
16 8
8 0
13 0
13 10
2 17
8 0
15 1
13 5
4 9
18 13
6 10
17 16
17 5
3 12
14 8
6 7
12 1
17 2
19 16
17 18
6 3
12 19
17 6
10 3
11 9
1 4
1 17
6 17
7 16
14 15
18 8
4 1
6 5
7 16
17 7
18 1
9 0
5 14
12 15
16 5
15 6
7 18
3 9
8 1
19 18
11 13
1 11
18 6
16 13
6 7
11 4
5 17
0 8
17 2
12 5
19 8
3 4
8 18
9 12
10 2
8 16
18 7
7 17
5 0
8 16
6 12
6 4
5 19
16 7
19 0
18 2
8 11
14 15
19 8
19 7
11 17
8 13
3 16
3 0
8 4
12 16
18 15
5 19
5 15
5 11
0 17
15 18
13 17
9 8
2 9
17 11
11 16
18 4
6 8
14 13
16 4
14 10
15 17
1 10
18 3
5 16
9 13
18 7
7 9
15 12
2 12
2 3
4 1
9 16
7 8
7 13
5 2
13 19
4 5
0 12
0 14
1 0
6 1
15 19
12 13
11 7
13 4
8 3
14 13
15 9
10 9
3 18
7 17
7 14
11 14
16 2
8 5
14 2
18 8
1 16
13 19
10 8
5 12
10 13
5 4
9 7
4 2
5 15
19 13
19 7
16 11
3 17
3 0
11 0
13 3
14 8
1 18
8 1
1 3
8 6
7 14
2 8
7 15
4 11
1 5
12 13
7 3
1 4
19 9
3 4
17 15
7 12
17 16
5 2
12 7
13 7
2 18
7 6
6 10
11 13
4 3
9 19
9 3
4 3
14 19
15 4
15 13
11 17
18 14
2 12
15 3
5 3
1 2
12 9
3 8
0 2
1 14
8 5
7 0
16 12
10 3
16 7
3 16
14 5
6 2
9 4
9 14
16 0
17 6
1 19
18 0
1 7
14 6
4 8
2 13
5 17
7 5
13 8
9 13
6 17
7 1
17 1
5 10
13 18
16 4
5 11
5 6
11 9
16 1
2 13
3 5
13 12
2 19
17 5
0 4
3 2
8 15
7 13
6 16
12 9
3 6
18 13
13 16
19 4
12 1
4 17
11 15
2 10
17 0
8 19
18 0
0 18
14 4
13 3
1 6
1 8
1 17
15 5
15 2
4 14
17 10
9 8
12 3
4 18
0 18
12 4
11 19
3 15
5 12
2 9
11 16
18 12
17 3
2 0
17 12
19 3
3 7
9 18
1 3
9 17
2 4
18 10
17 0
5 18
12 2
0 7
11 4
2 6
8 10
9 5
8 7
10 1
14 10
11 10
6 18
16 10
11 8
10 7
14 3
13 11
17 13
16 18
4 7
10 19
8 2
10 4
5 0
7 9
15 16
13 9
3 6
6 3
3 14
13 5
17 4
4 16
15 16
3 18
1 11
5 13
15 10
9 6
3 9
10 12
15 12
10 15
4 6
15 14
2 5
9 11
15 14
2 8
15 8
6 15
15 17
14 17
15 4
3 5
4 8
15 0
3 10
4 15
6 16
0 8
17 9
9 3
10 15
10 14
12 5
6 18
0 15
10 0
8 13
1 19
4 13
19 18
18 19
5 8
8 14
11 6
19 5
3 11
15 1
0 5
6 0
12 8
16 14
14 6
14 1
8 6
11 2
9 17
14 11
1 8
12 10
16 5
1 12
9 15
2 1
13 4
14 2
14 7
15 19
16 19
12 11
3 19
9 6
16 13
10 16
16 14
13 12
17 19
11 2
14 9
16 10
11 18
10 6
16 0
14 7
0 16
5 9
3 1
16 1
12 4
19 1
6 1
2 14
10 9
14 0
0 1
10 11
4 19
2 14
6 9
12 6
8 15
7 11
11 3
9 5
13 15
10 4
7 4
19 12
15 7
15 7
10 5
0 10
2 1
0 16
2 11
16 11
1 7
19 1
14 4
10 0
3 7
13 10
16 9
17 8
14 12
9 10
8 17
16 19
7 19
7 11
5 1
17 9
4 17
11 5
0 4
10 14
10 17
4 12
0 7
19 12
4 13
1 9
19 14
14 12
12 7
9 1
13 0
10 7
11 1
18 11
0 6
11 7
13 2
5 8
17 3
1 6
14 11
11 14
7 2
6 12
8 19
16 3
0 6
4 11
17 4
8 9
4 0
3 1
6 5
14 5
19 10
5 13
9 7
2 19
7 10
19 6
11 8
19 2
11 15
12 17
2 5
17 10
8 14
1 0
8 9
5 7
0 13
5 4
2 16
19 3
10 11
8 3
18 17
3 19
11 3
5 6
13 7
18 14
18 4
12 0
2 0
3 10
15 2
15 10
15 6
2 15
4 14
0 14
6 14
4 18
1 10
17 18
9 1
9 4
14 16
17 1
19 0
13 17
5 18
13 2
7 2
8 2
9 11
19 14
16 9
16 6
9 12
15 0
7 0
6 19
18 9
18 6
9 19
0 1
19 6
12 0
5 9
8 17
14 9
19 17
10 1
4 19
1 13
6 8
19 5
12 14
11 6
9 0
9 15
0 3
8 7
17 15
17 14
8 11
6 19
2 3
1 18
3 13
2 7
10 6
16 15
0 19
10 16
2 15
7 6
11 1
10 18
14 18
8 4
9 2
12 18
0 10
0 9
15 18
7 15
2 16
9 2
1 16
10 5
0 3
19 13
14 0
13 1
7 4
4 9
18 1
18 16
5 7
12 17
13 8
19 4
15 11
10 18
16 17
19 11
4 2
7 19
13 11
6 0
12 8
8 10
11 0
2 7
5 16
7 10
14 1
4 6
2 4
18 16
10 13
13 6
