25
2 20
3 9
1 14
2 21
3 7
15 6
22 20
4 18
13 8
1 17
6 19
9 19
8 15
13 24
10 15
24 9
11 24
4 11
4 9
4 0
14 10
23 14
3 16
12 19
16 2
1 8
21 13
19 14
0 20
22 0
11 7
13 4
11 6
14 2
13 19
22 2
5 16
14 3
23 18
3 4
14 7
24 20
1 8
9 14
14 5
16 7
1 9
12 5
13 21
24 5
19 9
22 1
7 2
4 16
3 8
18 24
23 19
12 6
10 1
10 1
24 8
11 13
18 5
10 0
0 13
1 11
20 8
17 0
19 20
9 21
1 24
18 1
9 7
7 22
21 16
19 15
17 11
4 9
18 2
20 16
22 21
13 8
9 8
19 11
19 23
20 0
21 20
5 19
4 7
20 19
4 6
9 2
18 11
19 21
18 21
20 21
16 18
3 0
8 23
18 4
15 16
5 11
6 19
17 6
14 6
20 2
7 18
20 5
23 3
6 20
13 22
16 21
10 21
15 19
13 18
8 18
0 24
20 5
5 18
16 23
3 21
1 20
19 23
1 4
11 21
18 14
14 13
5 19
14 18
20 8
2 1
13 6
24 16
22 11
6 12
11 17
6 4
6 15
5 15
24 5
5 1
9 15
1 5
16 17
17 20
7 5
2 18
18 6
4 2
0 13
9 15
12 1
23 1
19 5
1 3
17 20
10 19
10 20
18 22
4 21
0 7
20 23
1 3
17 24
11 2
9 10
17 3
5 10
24 23
21 23
2 24
24 17
13 12
11 15
4 12
15 14
23 2
9 20
22 18
6 4
9 1
10 8
19 24
5 14
21 14
0 1
12 15
21 11
6 18
19 22
21 18
24 15
9 11
9 8
0 18
0 23
2 11
20 4
11 18
17 9
2 9
4 11
3 10
6 15
9 24
15 8
24 16
8 13
14 13
0 5
12 11
9 0
3 13
4 12
21 20
12 0
20 15
22 19
1 18
4 10
20 11
15 1
23 19
1 22
2 17
20 15
10 14
1 21
8 5
4 8
19 0
13 9
5 3
19 6
22 19
6 12
4 23
0 17
16 22
5 1
21 10
8 7
12 24
21 12
15 13
19 17
14 4
13 0
18 9
24 0
15 7
12 16
12 2
16 3
7 1
12 15
6 22
11 22
22 17
13 6
2 15
3 5
19 4
1 2
21 23
17 7
5 2
10 5
22 16
17 19
18 13
23 7
21 4
3 23
9 12
13 22
11 23
12 13
0 15
20 2
23 0
17 4
9 18
14 2
22 4
3 11
16 14
7 19
10 24
18 24
22 3
5 2
0 12
23 22
16 14
1 10
13 12
0 16
23 22
23 10
1 15
7 15
23 21
4 19
16 9
20 10
17 1
13 9
11 19
7 15
19 14
3 22
19 8
4 20
11 8
11 7
24 11
15 24
4 16
7 3
16 19
8 6
13 5
20 6
21 24
19 12
22 8
24 14
12 7
9 5
24 9
16 4
8 19
5 17
0 11
1 15
21 5
6 11
18 4
2 19
12 11
14 15
10 2
14 12
12 7
10 3
9 18
18 19
2 5
21 3
23 12
13 4
15 21
15 22
16 19
5 15
5 12
0 21
3 5
14 8
10 18
21 14
0 2
19 20
13 24
11 1
22 13
6 7
23 10
5 9
10 20
6 13
8 4
19 16
2 9
3 24
6 1
15 13
15 0
12 19
4 6
11 0
23 17
0 15
21 15
24 8
12 10
10 16
14 19
11 4
19 24
16 21
6 2
10 23
3 18
9 11
7 12
0 2
4 23
3 19
8 11
20 1
3 17
10 12
20 3
5 9
2 14
5 0
9 17
3 10
0 4
1 5
6 3
15 14
6 5
22 15
3 7
2 3
8 3
15 18
7 14
8 21
14 22
14 11
24 18
15 0
7 10
17 3
17 21
12 0
3 20
8 22
23 6
15 4
5 6
8 20
17 18
5 8
15 3
24 6
19 8
19 16
13 2
16 3
24 23
8 17
9 16
15 19
5 16
24 7
9 1
18 12
15 23
14 8
7 10
16 11
15 4
14 1
6 7
1 2
16 12
24 13
7 17
15 23
1 16
13 3
13 18
10 7
18 9
19 9
9 3
2 12
16 0
20 14
3 14
22 9
7 22
22 14
1 19
3 15
2 10
23 0
5 7
14 23
21 19
17 8
5 23
10 11
2 7
6 23
10 19
20 9
16 5
11 20
23 13
19 13
15 20
0 5
17 12
14 23
2 16
21 7
19 5
21 17
8 10
12 8
15 18
10 11
17 15
1 13
4 17
13 7
21 6
9 6
6 23
2 11
1 12
11 12
4 2
3 18
14 17
13 0
24 7
1 23
8 10
8 18
1 0
24 4
23 4
16 4
16 9
13 15
24 2
2 22
8 2
6 21
8 2
24 18
1 7
14 16
4 3
4 19
0 24
16 17
23 1
12 6
17 16
10 4
24 11
2 6
17 11
20 4
19 0
24 13
0 8
18 22
8 21
23 18
19 18
16 13
16 6
16 8
14 6
9 14
3 12
3 19
13 16
19 15
1 6
10 6
1 0
24 14
17 2
3 15
20 6
17 18
19 6
4 1
24 2
14 19
2 10
0 7
18 7
2 0
12 13
3 13
20 17
17 12
7 23
24 6
17 9
23 15
12 1
5 11
21 8
23 16
4 0
0 8
15 24
18 11
20 12
22 6
21 13
20 22
0 6
14 3
6 11
15 10
18 3
12 18
18 0
18 15
16 11
13 20
12 3
19 7
5 23
20 13
12 4
2 20
9 3
1 17
6 2
19 4
21 1
7 12
5 14
11 9
7 13
9 5
13 23
21 9
9 20
9 17
19 21
15 17
6 22
10 12
6 0
10 8
23 5
7 5
10 14
3 17
11 5
21 2
10 16
9 10
17 13
20 24
1 16
10 18
0 9
0 22
10 4
15 9
7 4
20 18
13 14
18 16
15 9
22 24
8 22
17 6
2 5
8 12
23 24
18 1
9 22
9 4
13 11
2 0
1 7
24 22
24 3
2 21
10 9
24 15
9 21
13 1
22 1
4 14
7 16
20 24
7 3
13 5
24 22
2 16
13 10
11 3
15 2
2 4
19 12
11 19
11 16
16 15
7 20
14 24
23 11
11 23
9 12
19 10
16 5
13 20
20 23
6 14
12 16
2 12
1 10
19 1
21 24
23 8
22 4
13 21
20 12
0 4
17 5
3 1
22 12
17 4
7 0
0 9
19 13
12 17
13 16
20 16
6 20
16 18
6 21
5 12
7 13
9 0
24 19
6 9
11 16
2 6
20 21
18 2
13 3
7 1
6 8
22 7
8 9
0 17
14 7
3 8
18 7
22 13
24 17
0 18
24 21
0 14
16 20
17 2
20 18
23 20
23 9
4 8
11 8
16 7
0 20
0 6
8 19
23 12
14 24
15 16
23 20
3 20
15 11
14 0
11 1
10 17
9 22
3 1
11 9
11 3
9 13
17 10
12 22
22 16
13 11
2 3
1 12
20 19
5 10
11 4
8 16
11 24
8 23
14 4
22 24
4 1
13 7
11 5
4 7
0 19
18 6
5 4
3 12
14 21
5 7
2 22
6 3
0 21
24 1
11 13
23 15
24 12
23 24
3 4
18 8
7 11
21 3
13 1
0 1
10 13
22 5
10 6
20 17
2 8
12 3
21 16
8 14
4 5
12 24
4 24
0 11
22 10
18 20
22 8
14 1
5 8
14 9
0 23
8 4
7 2
23 11
22 23
0 22
21 2
12 4
19 2
22 3
20 3
22 14
5 3
10 13
4 24
18 23
1 11
15 17
8 11
7 18
19 10
12 14
21 1
2 23
6 18
13 23
14 18
2 15
15 12
11 10
18 15
16 24
2 8
11 2
6 10
13 17
11 18
22 12
10 15
4 5
23 3
12 9
16 1
6 16
19 18
10 21
4 15
14 9
15 3
1 20
0 19
6 9
18 10
14 12
16 13
7 8
1 23
2 4
4 17
17 0
17 7
6 14
17 21
12 18
10 22
2 13
16 23
5 24
18 13
22 21
16 6
21 17
24 1
22 11
23 17
5 13
9 4
1 4
5 6
3 0
4 21
7 16
22 17
21 11
8 1
8 1
24 4
1 19
13 10
12 20
7 24
16 8
14 21
8 6
18 17
12 21
12 2
3 24
2 19
1 6
20 7
10 22
15 7
15 20
14 15
17 22
3 22
21 8
15 5
21 12
11 22
14 0
10 24
4 3
10 17
2 13
15 6
8 14
18 17
16 10
8 16
0 14
6 5
7 0
3 6
24 20
9 23
16 20
7 8
24 10
2 14
18 5
21 15
7 20
22 20
8 15
5 4
6 0
23 2
7 21
18 3
8 5
19 3
15 12
8 9
17 24
7 6
6 10
7 17
10 2
12 9
23 6
11 17
20 22
0 16
15 22
5 18
23 21
10 9
21 22
10 3
16 12
17 14
0 10
6 13
23 16
24 21
7 11
6 16
22 5
16 2
4 10
1 21
5 21
9 19
4 22
8 24
4 14
9 24
1 9
8 13
21 4
10 7
7 19
6 24
7 6
20 14
11 14
12 23
14 11
5 24
4 13
12 14
11 10
6 17
0 3
13 2
22 15
24 3
5 22
18 8
17 23
8 0
20 7
1 22
6 17
11 12
0 10
19 7
16 10
8 3
24 10
24 0
2 17
5 22
3 23
11 15
17 16
24 19
3 21
18 23
7 4
17 8
17 19
18 16
12 22
21 7
22 7
2 24
10 0
3 14
21 0
5 0
11 6
16 0
21 6
18 14
8 0
12 10
18 19
12 23
19 3
15 2
6 1
2 7
17 22
5 20
23 14
21 9
17 10
3 9
15 10
23 13
23 9
18 0
23 8
7 9
11 20
9 13
19 2
17 14
4 18
16 1
2 18
21 18
14 17
21 0
17 13
12 17
5 17
10 5
11 21
23 4
2 1
17 5
22 9
23 7
11 0
19 1
15 11
18 20
12 20
20 11
7 23
20 1
20 13
3 6
20 10
22 10
8 17
19 17
9 6
17 1
12 8
12 5
15 21
22 2
17 15
7 21
9 16
8 7
13 19
14 16
2 23
0 3
3 16
22 23
16 15
1 14
0 12
18 21
10 23
6 24
13 17
22 0
18 10
1 18
24 12
9 23
8 24
7 14
14 20
16 24
8 12
18 12
1 24
4 22
15 1
6 8
20 9
3 11
5 20
15 5
20 0
8 20
19 11
19 22
21 5
14 20
22 18
9 7
21 10
4 15
5 21
11 14
14 5
4 20
14 10
13 15
21 19
21 22
13 14
5 13
7 9
3 2
1 13
9 2
14 22
7 24
23 5
17 23
22 6
4 13
12 21
16 22
15 8
3 2
